Cmid
0,831827095234035
0,299679633867277
0,193685847930154
0,821562921428064
0,62121521052095
Cmax
1,18927444794953
0,426086956521739
0,34072759538598
1,11053540587219
0,915077989601387
T
1338,36724559194
2346,13267013213
2383,05359557286
2791,39133135085
1409,53377330758
amp01
0,0001189607
0,0002379215
0,0004007498
0,0006279346
0,0008857611
amp11
0,000118891
0,0002372095
0,0003966402
0,0006129942
0,0008463432
amp21
0,0001186818
0,0002350832
0,0003845082
0,0005698715
0,0007365174
amp31
0,0001183338
0,0002315721
0,0003649307
0,0005034046
0,000579143
amp41
0,0001178477
0,0002267248
0,0003388309
0,0004208498
0,0004050514
amp51
0,0001172248
0,0002206078
0,0003074202
0,0003308157
0,0002446836
amp61
0,0001164665
0,0002133048
0,0002721261
0,0002420363
0,0001205053
amp71
0,0001155747
0,0002049151
0,0002345062
0,0001621869
4,24844E-05
amp81
0,0001145514
0,0001955515
0,0001961569
9,693301E-05
7,735371E-06
amp91
0,0001133993
0,000185339
0,0001586222
4,935465E-05
3,963571E-06
energy
357725
715450
1567384
2768599
3990550
