Cmid
225,370125296297
182,302631578947
370,492957746479
346,02380952381
276,036144578313
283,869973526574
193,117647058824
470,159420289855
459,432432432432
Cmax
347,910023735139
295
511
477
423
531,578874674305
407
675
659
T
2035,30408937398
3044,62477962602
1582,45107430964
3900,40936854069
4691,97376264637
3085,21906125413
2542,58756724918
3191,69169403613
1394,73053133093
amp01
0,2474283
0,09743647
0,1153137
0,07756777
amp11
0,01467085
0,01058402
0,009610698
0,005286481
amp21
0,002338081
0,02263794
0,001369559
0,003136649
amp31
0,02848872
0,001580912
0,0006383203
0,003347606
amp41
0,04705655
0,00817379
0,005262934
0,005617818
amp51
0,03295219
0,01571407
0,002424641
0,007455121
amp61
0,005372169
0,0167144
0,03427413
0,005103122
amp71
0,00311148
0,004273739
0,004783116
0,000686404
amp81
0,04118435
0,007433465
0,001210766
0,001425506
amp91
0,03318928
0,006834527
0,007060585
0,0008320818
energy
335891,690185547
1646828,42834473
2570348,69382095
4915028,51367188
