Cmid
289,176470588235
372,88
584,554054054054
634,576
582,925
464,5
420,4
359,111111111111
383,588235294118
201,050660942227
302,538461538462
260,044117647059
Cmax
312
399
653
722
668
554
517
476
508
475,882863738546
440
417
T
1615,27605634887
2445,58098345521
2434,56285237823
1272,04015410858
557,843481924506
565,233593616284
764,468869478215
1465,66952758318
1061,38756628736
1475,5224381249
1131,13446447224
1229,05615642277
amp1
0,1847224
0,1902757
0,05676789
0,03540992
0,0434551
0,08142366
0,0500095
0,05949663
0,04907398
0,345891
0,08926773
amp2
0,02442528
0,0005599302
0,0001198494
0,00201266
0,009054685
0,005966276
0,0001881442
0,002509071
0,003359057
0,20311
0,00652352
amp3
0,01973464
0,0004453251
0,05071825
0,02377722
0,01364917
0,00417808
0,007966664
0,0006110087
0,008469407
0,0413802
0,001566319
amp4
0,00274615
6,185963E-05
4,619281E-05
0,000651007
0,004017711
0,0264325
0,006179033
0,005398221
0,001605815
0,003152812
0,009552245
amp5
0,02542577
0,0005810861
0,04827615
0,01983069
0,003689227
0,007989164
0,01041389
0,00255963
0,03055576
0,01091717
0,01277762
amp6
0,03738467
0,0008544122
2,437442E-05
0,0005186304
0,001544979
0,01823402
0,002868806
0,01131999
0,01028309
0,002593518
0,0107189
amp7
0,01690849
0,0003872726
2,587597E-05
0,02594657
0,01427615
0,003845768
0,002789238
0,007847141
0,02093819
0,002678389
0,0001268651
amp8
0,004438952
0,0001006912
4,471256E-05
0,0001519622
0,004796664
0,001848395
0,0004916238
0,002783542
0,007657468
0,006180092
0,001716546
amp9
0,003795799
0,1324519
0,04346764
0,02845056
0,03270841
0,03054659
0,01691388
0,0872559
0,01797126
0,0009922631
0,0007059551
amp10
0,007284882
0,0001674343
8,762537E-05
0,002048609
0,008582788
0,002609994
0,0001481069
0,001620149
0,0130115
0,001025211
0,0004495764
energy
1499,93514549732
64011,684601903
755939,190635681
2087972,53616714
3936842,36376953
3068754,60656738
5542693,49969482
7979629,59533691
14273732,3066406
184507,214450836
4703304,01916504
