Cmid
1,22435241990457
0,311555952574306
2,8566234946603
1,03754076195021
1,22047548981646
0,609122495151907
Cmax
1,48773006134969
0,384541984732824
3,44171779141104
1,27821522309711
1,4756446991404
0,733516483516483
T
1221,95080361531
3790,9157309099
1295,31348429426
1484,2445396279
1384,35511800901
4132,15113205456
amp01
0,0001036839
0,0002073677
0,0003597678
0,000572771
0,0007859181
0,001057675
amp11
0,0001036325
0,000206766
0,0003561965
0,0005600736
0,0007535758
0,0009811703
amp21
0,0001034785
0,0002049687
0,0003456479
0,0005233334
0,0006629404
0,0007778858
amp31
0,0001032223
0,0002019998
0,0003286068
0,0004664145
0,0005314874
0,0005144804
amp41
0,0001028644
0,0001978987
0,0003058496
0,0003951488
0,0003832045
0,0002683566
amp51
0,0001024058
0,0001927196
0,0002783987
0,0003165309
0,000242542
9,581527E-05
amp61
0,0001018474
0,0001865305
0,0002474629
0,0002377753
0,000128682
1,371085E-05
amp71
0,0001011908
0,0001794124
0,0002143684
0,0001653911
5,174453E-05
1,847908E-06
amp81
0,0001004374
0,0001714574
0,0001804833
0,0001044108
1,185195E-05
2,170784E-05
amp91
9,958915E-05
0,0001627678
0,0001471424
5,788534E-05
1,025869E-06
3,917486E-05
energy
539129
1078258
2374287
3909437
5444587
7249098
